x
-22.2601115312449
0
0
0
0.0119497635542903
0.0119497635542903
1
1
-22.2516171160283
0
0
0
0.0124468030348559
0.0114012761732464
1
1
-98.3675464013305
0.0116422984205537
1e-12
0
NA
NA
NA
NA
-96.2306138973692
0.00941669853856458
1e-12
0.0491188224855976
NA
NA
NA
NA
-119.725602339355
0.0147351137021721
1e-12
0
0.0122855084043226
0.0111865810098732
1
0.588197547605291
-117.09978122649
0.0123404589203886
1e-13
0.0841168179750863
0.0124688975806053
0.0112368654697434
1
0.48893052313498
-117.099777296057
0.0123454457815759
1e-13
0.084232734376256
0.0124742258672918
0.0112314563505419
1
0.488081895137516
