x
-25.6792160317438
0
0
0
0
0.00407123039321449
0.00407123039321449
1
1
-25.08393062865
0
0
0
0
0.00538684175665934
0.00157040524153919
1
1
-298.188515063689
0.171369215547173
0.00400541671983678
0
-1.16245451557514
NA
NA
NA
NA
-282.864445784962
0.0689019349466602
1e-12
0.597163479843337
-1.11287515097423
NA
NA
NA
NA
-320.665805110034
0.270628016880022
0.00239439628220156
0
-1.1887057570592
0.0032587648496164
0.0045780536983683
1
0.367441443358926
-306.599553717417
0.101866291274617
1e-13
0.774400272510749
-1.13999694254567
0.00405225882972121
0.00382935441701339
1
0.513033374412311
-306.655576947603
0.126418142723093
1e-13
0.912569528525865
-1.21305843530693
0.00384299443436334
0.00395927998712699
1
0.488156099642074
