x
-22.2601116898632
0
0
0
0.0119494911453998
0.0119494911453998
1
1
-22.2516171160283
0
0
0
0.0124468030348559
0.0114012761732464
1
1
-156.081201427971
0.0151784236784355
0.0395752033623117
0
NA
NA
NA
NA
-106.063972271043
0.00536930031696263
9.99999999994061e-08
0.161074344802673
NA
NA
NA
NA
-177.623522128533
0.0216429924891068
0.0419960196268601
0
0.0129710407591378
0.0105856903746298
1
0.52743168240104
-126.087073551735
0.00788955637983855
1e-13
0.28452725365985
0.0128706537541464
0.0118195373271578
1
0.32380017884888
-126.087152218089
0.00787935823645791
1e-13
0.283726786050578
0.0128542227522938
0.0118162460770523
1
0.325945808223546
